1335599102 4
1335599736 6
1335603803 7
1335603954 8
1335605297 2767
1335605595 2772
1335605821 2770
1335605921 2770
1335606073 2770
1335606634 2770
1335606767 44
1335608550 38
1335608607 38
1335619376 221
1335619845 1167
1335620129 1187
1335621933 1215
1335622016 1264
1335627454 1298
1335627511 1339
1335629218 1343
1335629275 1343
1335629318 1343
1335629553 1388
1335631446 1415
1335631454 1427
1335632111 1449
1335650692 1459
1335650719 1509
1335652245 1521
1335652302 1522
1335652305 1523
1335652309 1524
1335652312 1525
1335652316 1526
1335652374 1527
1335652385 1528
1335652516 1532
1335652558 1509
1335652598 1510
1335652603 1511
1335652657 1512
1335652662 1513
1335652666 1514
1335652671 1515
1335652675 1516
1335652779 1517
1335652784 1518
1335652789 1519
1335652794 1520
1335652994 1525
1335652999 1530
1335653039 1540
1335653043 1545
1335653047 1550
1335653141 1557
1335653146 1564
1335653150 1571
1335653160 1559
1335653273 1566
1335653283 1573
1335653293 1580
1335653303 1587
1335653451 1594
1335653489 1601
1335653528 1608
1335653565 1615
1335653681 1622
1335653749 1629
1335653883 1636
1335654012 1643
1335654142 1650
1335654270 1657
1335654397 1664
1335654747 1671
1335654976 1678
1335655206 1685
1335655434 1692
1335655662 1699
1335655890 1706
1335656124 1713
1335656359 1720
1335656587 1727
1335656815 1734
1335659440 1758
1335660497 1783
1335660898 1790
1335661062 1798
1335661884 1808
1335692053 1893
1335692473 2432
1335692538 2464
1335693160 2468
1335693175 2473
1335693799 2467
1335693961 2467
1335698002 2490
1335698071 2497
